INSERT INTO public.songs_to_playlist(playlist_id, song_id) VALUES
(1, 4650),
(1, 5170),
(1, 2908),
(1, 4239),
(2, 3823),
(2, 3252),
(2, 2500),
(2, 4010),
(2, 3187),
(2, 3152),
(3, 5001),
(3, 4242),
(3, 3530),
(4, 3862),
(4, 5136),
(4, 4559),
(5, 3415),
(5, 3344),
(5, 3547),
(5, 4947),
(5, 5311),
(6, 4404),
(6, 4298),
(6, 5071),
(7, 3975),
(7, 4795),
(7, 3839),
(7, 4692),
(8, 5287),
(8, 4564),
(8, 3274),
(8, 3269),
(9, 4649),
(9, 4677),
(9, 4969),
(9, 5114),
(10, 4865),
(10, 5196),
(10, 3842),
(10, 4451),
(10, 4164),
(10, 5294),
(11, 2852),
(11, 5252),
(11, 5163),
(11, 3010),
(11, 2893),
(11, 4494),
(12, 2624),
(12, 3474),
(12, 5416),
(12, 4478),
(12, 5069),
(12, 4047),
(13, 3098),
(13, 3814),
(13, 4203),
(13, 3053),
(13, 4993),
(13, 3176),
(14, 3467),
(14, 5191),
(14, 3026),
(15, 3855),
(15, 3261),
(15, 2907),
(15, 4724),
(16, 5437),
(16, 3684),
(16, 3221),
(16, 3197),
(16, 3663),
(17, 4105),
(17, 4454),
(17, 5062),
(17, 4588),
(17, 5017),
(17, 2745),
(18, 4773),
(18, 2642),
(18, 2716),
(18, 4795),
(19, 4799),
(19, 3271),
(19, 3784),
(19, 5453),
(19, 4862),
(20, 3630),
(20, 4819),
(20, 4547),
(20, 4432),
(21, 3025),
(21, 4058),
(21, 5095),
(21, 4202),
(21, 3320),
(21, 4863),
(22, 5340),
(22, 2660),
(22, 4977),
(22, 3503),
(23, 3274),
(23, 4569),
(23, 4121),
(23, 5316),
(24, 4957),
(24, 4066),
(24, 3201),
(25, 4516),
(25, 5485),
(25, 3005),
(25, 4411),
(25, 4212),
(26, 3943),
(26, 3990),
(26, 5419),
(27, 3684),
(27, 3217),
(27, 2706),
(27, 4293),
(27, 4671),
(28, 3913),
(28, 2967),
(28, 2526),
(29, 3782),
(29, 3922),
(29, 3381),
(29, 2826),
(29, 4363),
(30, 3627),
(30, 4759),
(30, 4929),
(30, 3990),
(30, 4452),
(30, 2990),
(31, 5450),
(31, 3701),
(31, 3855),
(31, 3660),
(31, 5468),
(31, 3726),
(32, 3471),
(32, 4077),
(32, 2787),
(32, 5464),
(32, 3950),
(33, 2632),
(33, 4782),
(33, 3387),
(33, 3663),
(34, 3857),
(34, 3145),
(34, 3353),
(34, 3107),
(34, 5413),
(35, 2631),
(35, 2679),
(35, 4171),
(36, 4651),
(36, 4094),
(36, 2980),
(36, 2884),
(37, 3500),
(37, 4860),
(37, 2872),
(37, 3111),
(38, 4456),
(38, 3146),
(38, 2849),
(38, 3249),
(38, 5446),
(38, 4284),
(39, 3306),
(39, 3283),
(39, 2701),
(39, 5358),
(40, 3010),
(40, 5067),
(40, 3314),
(40, 5306),
(40, 4587),
(41, 5093),
(41, 5447),
(41, 3972),
(41, 5052),
(42, 4744),
(42, 5365),
(42, 4259),
(42, 4042),
(42, 3563),
(42, 4284),
(43, 2658),
(43, 5209),
(43, 3727),
(43, 4095),
(44, 3822),
(44, 3248),
(44, 3478),
(44, 3458),
(44, 3338),
(45, 2813),
(45, 5480),
(45, 5309),
(45, 4293),
(46, 3056),
(46, 5176),
(46, 5266),
(47, 3123),
(47, 4730),
(47, 3944),
(47, 3565),
(48, 3944),
(48, 2976),
(48, 3434),
(48, 2663),
(48, 3136),
(49, 4766),
(49, 4481),
(49, 5008),
(49, 5231),
(50, 4949),
(50, 3117),
(50, 2593),
(50, 3756),
(50, 5369),
(50, 2745),
(51, 5012),
(51, 2914),
(51, 3893),
(51, 3941),
(51, 4682),
(52, 3428),
(52, 4509),
(52, 3196),
(52, 5316),
(52, 3253),
(53, 3987),
(53, 5366),
(53, 2889),
(53, 2982),
(53, 3571),
(54, 3879),
(54, 3835),
(54, 2899),
(54, 2787),
(54, 5070),
(54, 5356),
(55, 4322),
(55, 4938),
(55, 5203),
(55, 4157),
(55, 4933),
(56, 3510),
(56, 4639),
(56, 3375),
(56, 3252),
(56, 2617),
(57, 3199),
(57, 4660),
(57, 2865),
(57, 2569),
(57, 5264),
(58, 4475),
(58, 3543),
(58, 3898),
(58, 4386),
(58, 2800),
(58, 2981),
(59, 4263),
(59, 3825),
(59, 2832),
(60, 3798),
(60, 2596),
(60, 3249),
(60, 5422),
(60, 5394),
(61, 5141),
(61, 2583),
(61, 5307),
(61, 3252),
(61, 4907),
(62, 3893),
(62, 3230),
(62, 4438),
(62, 5012),
(62, 4699),
(63, 3980),
(63, 4563),
(63, 2674),
(64, 4259),
(64, 3285),
(64, 3865),
(65, 4166),
(65, 5105),
(65, 4370),
(65, 2932),
(65, 4736),
(66, 4125),
(66, 5045),
(66, 4328),
(66, 2608),
(67, 3595),
(67, 5375),
(67, 2748),
(67, 4838),
(68, 2856),
(68, 4950),
(68, 5273),
(68, 4258),
(68, 5239),
(68, 5072),
(69, 3151),
(69, 3540),
(69, 3602),
(69, 5094),
(69, 2856),
(69, 4024),
(70, 3274),
(70, 5315),
(70, 5458),
(70, 3956),
(71, 3640),
(71, 2568),
(71, 4026),
(71, 3986),
(71, 2903),
(72, 2958),
(72, 2573),
(72, 4694),
(72, 3553),
(72, 5225),
(72, 3137),
(73, 2751),
(73, 4798),
(73, 3360),
(74, 5056),
(74, 5398),
(74, 3246),
(74, 2687),
(74, 4817),
(74, 3207),
(75, 5246),
(75, 4165),
(75, 2891),
(75, 3334),
(75, 3325),
(76, 3473),
(76, 5147),
(76, 4348),
(76, 3169),
(76, 4964),
(76, 4162),
(77, 4852),
(77, 3625),
(77, 3464),
(77, 2838),
(77, 4689),
(77, 5406),
(78, 3695),
(78, 3297),
(78, 3440),
(78, 3649),
(78, 3401),
(78, 2988),
(79, 4918),
(79, 4102),
(79, 2978),
(80, 2508),
(80, 3177),
(80, 3878),
(81, 4881),
(81, 3530),
(81, 4718),
(81, 4059),
(82, 4457),
(82, 4997),
(82, 4627),
(83, 3234),
(83, 4184),
(83, 5273),
(83, 3341),
(83, 3567),
(83, 3999),
(84, 3630),
(84, 4220),
(84, 3621),
(85, 2682),
(85, 5128),
(85, 3113),
(86, 4226),
(86, 4662),
(86, 4415),
(86, 3677),
(87, 2935),
(87, 2714),
(87, 2775),
(87, 4089),
(87, 2970),
(87, 4502),
(88, 3371),
(88, 3826),
(88, 3394),
(88, 4600),
(89, 4013),
(89, 3152),
(89, 3077),
(90, 2859),
(90, 4100),
(90, 3271),
(90, 4352),
(90, 3648),
(91, 3992),
(91, 4873),
(91, 4394),
(91, 5019),
(91, 4714),
(92, 4533),
(92, 3620),
(92, 5239),
(92, 3170),
(92, 3897),
(92, 4689),
(93, 3231),
(93, 5159),
(93, 3341),
(93, 4572),
(94, 3122),
(94, 4785),
(94, 3687),
(94, 4429),
(94, 3449),
(94, 3324),
(95, 2906),
(95, 4540),
(95, 4836),
(95, 4090),
(95, 4618),
(96, 3019),
(96, 4457),
(96, 3497),
(96, 3810),
(96, 5188),
(96, 4901),
(97, 4436),
(97, 3037),
(97, 2879),
(97, 2867),
(97, 4888),
(97, 4245),
(98, 4104),
(98, 5439),
(98, 4195),
(99, 2639),
(99, 4083),
(99, 3409),
(99, 3207),
(100, 3170),
(100, 3837),
(100, 4345),
(101, 5347),
(101, 3622),
(101, 4670),
(102, 3330),
(102, 2714),
(102, 5436),
(102, 4044),
(102, 3798),
(103, 3540),
(103, 5171),
(103, 4899),
(103, 3323),
(104, 3882),
(104, 2706),
(104, 4292),
(104, 4454),
(105, 2613),
(105, 2976),
(105, 4086),
(106, 2626),
(106, 3854),
(106, 2729),
(107, 5111),
(107, 2832),
(107, 4665),
(107, 5156),
(107, 3238),
(107, 3836),
(108, 2783),
(108, 4579),
(108, 4452),
(108, 4392),
(108, 4168),
(109, 2572),
(109, 3780),
(109, 4912),
(109, 3697),
(109, 5239),
(109, 2618),
(110, 4160),
(110, 2750),
(110, 5285),
(110, 5374),
(110, 4836),
(111, 4289),
(111, 2519),
(111, 2679),
(111, 3966),
(111, 3254),
(111, 3438),
(112, 3187),
(112, 4944),
(112, 4122),
(112, 4946),
(113, 3372),
(113, 3199),
(113, 3743),
(113, 4017),
(113, 5080),
(113, 2994),
(114, 5346),
(114, 2770),
(114, 3627),
(114, 2604),
(114, 4462),
(114, 3466),
(115, 5374),
(115, 5227),
(115, 5271),
(115, 4826),
(115, 4295),
(116, 5131),
(116, 3986),
(116, 2530),
(116, 3285),
(116, 4973),
(116, 4922),
(117, 5044),
(117, 3166),
(117, 2542),
(118, 3912),
(118, 5470),
(118, 4899),
(118, 2685),
(118, 5422),
(118, 2782),
(119, 2508),
(119, 5327),
(119, 5259),
(119, 3114),
(119, 4310),
(120, 4325),
(120, 4719),
(120, 2832),
(120, 5483),
(121, 5497),
(121, 5094),
(121, 4582),
(121, 5180),
(121, 2714),
(121, 5285),
(122, 4527),
(122, 2929),
(122, 3284),
(122, 4584),
(123, 2792),
(123, 3590),
(123, 5299),
(123, 3893),
(124, 5428),
(124, 3712),
(124, 4759),
(125, 3209),
(125, 3284),
(125, 2979),
(125, 4745),
(125, 3363),
(125, 3809),
(126, 3686),
(126, 2579),
(126, 4148),
(126, 2802),
(127, 3125),
(127, 4653),
(127, 3984),
(127, 2604),
(127, 4198),
(127, 5239),
(128, 4952),
(128, 2963),
(128, 4070),
(128, 3333),
(128, 3544),
(128, 5142),
(129, 3658),
(129, 4176),
(129, 3290),
(130, 2895),
(130, 2812),
(130, 3422),
(130, 3252),
(131, 5193),
(131, 3758),
(131, 3561),
(131, 3851),
(131, 5414),
(132, 2518),
(132, 2549),
(132, 3632),
(132, 4719),
(132, 3694),
(132, 3297),
(133, 3543),
(133, 4071),
(133, 5269),
(134, 4685),
(134, 3669),
(134, 4641),
(134, 4830),
(135, 3916),
(135, 2648),
(135, 4039),
(135, 3128),
(135, 4883),
(135, 4967),
(136, 3949),
(136, 3424),
(136, 5271),
(136, 4451),
(137, 3309),
(137, 2862),
(137, 3101),
(138, 4427),
(138, 4992),
(138, 5161),
(139, 4058),
(139, 3035),
(139, 5380),
(140, 2719),
(140, 3019),
(140, 4684),
(141, 5405),
(141, 4088),
(141, 2510),
(141, 4875),
(142, 5394),
(142, 2974),
(142, 2721),
(143, 4371),
(143, 4766),
(143, 5069),
(143, 3592),
(143, 3014),
(144, 4519),
(144, 4604),
(144, 4327),
(144, 3476),
(144, 4564),
(145, 3660),
(145, 3272),
(145, 3304),
(145, 5385),
(145, 4817),
(146, 3731),
(146, 2805),
(146, 4401),
(146, 3285),
(147, 3719),
(147, 4339),
(147, 5141),
(147, 3144),
(147, 4291),
(147, 2997),
(148, 4433),
(148, 2748),
(148, 5268),
(148, 4095),
(148, 4740),
(148, 3088),
(149, 5172),
(149, 3207),
(149, 2633),
(150, 4339),
(150, 2632),
(150, 4076),
(151, 4701),
(151, 2638),
(151, 5381),
(151, 3767),
(152, 4121),
(152, 4048),
(152, 4798),
(152, 2735),
(152, 3498),
(153, 5429),
(153, 3103),
(153, 2520),
(153, 4873),
(153, 3507),
(154, 5122),
(154, 3669),
(154, 3819),
(154, 3343),
(154, 2759),
(154, 3774),
(155, 4087),
(155, 2568),
(155, 4285),
(155, 3859),
(155, 4000),
(156, 2657),
(156, 4264),
(156, 3182),
(156, 4330),
(156, 4798),
(157, 4522),
(157, 3855),
(157, 2750),
(157, 3509),
(157, 2874),
(157, 3973),
(158, 4906),
(158, 4636),
(158, 5195),
(158, 2524),
(158, 3915),
(158, 4837),
(159, 4318),
(159, 4249),
(159, 2978),
(160, 4900),
(160, 5487),
(160, 4785),
(160, 2898),
(160, 3646),
(161, 3260),
(161, 2667),
(161, 5023),
(161, 4561),
(161, 5293),
(162, 4653),
(162, 4076),
(162, 4478),
(162, 3015),
(162, 4852),
(162, 4537),
(163, 3961),
(163, 2891),
(163, 2941),
(163, 2865),
(164, 5332),
(164, 4524),
(164, 2888),
(164, 4867),
(165, 4540),
(165, 3257),
(165, 4467),
(166, 3440),
(166, 4337),
(166, 2721),
(167, 5190),
(167, 4864),
(167, 3989),
(167, 3369),
(168, 3536),
(168, 5338),
(168, 4640),
(168, 3164),
(168, 3307),
(169, 2696),
(169, 5190),
(169, 5492),
(170, 2930),
(170, 5434),
(170, 4130),
(171, 2519),
(171, 2531),
(171, 2673),
(171, 4080),
(171, 5353),
(171, 5103),
(172, 4182),
(172, 4399),
(172, 3684),
(173, 5126),
(173, 4863),
(173, 4135),
(174, 3119),
(174, 2512),
(174, 4865),
(174, 4053),
(175, 4817),
(175, 2932),
(175, 5404),
(175, 3306),
(175, 5441),
(176, 5456),
(176, 3058),
(176, 2510),
(176, 5365),
(177, 4344),
(177, 4787),
(177, 4236),
(178, 3450),
(178, 5106),
(178, 5041),
(178, 4455),
(179, 3024),
(179, 3003),
(179, 3056),
(180, 4518),
(180, 4968),
(180, 4835),
(181, 3419),
(181, 2987),
(181, 3859),
(181, 4121),
(181, 3051),
(182, 3616),
(182, 5360),
(182, 2547),
(182, 2785),
(182, 3260),
(182, 4486),
(183, 3241),
(183, 2934),
(183, 4158),
(183, 2513),
(183, 4269),
(183, 3360),
(184, 3844),
(184, 4859),
(184, 4509),
(184, 4030),
(185, 3770),
(185, 4181),
(185, 3174),
(185, 2739),
(185, 4407),
(186, 2922),
(186, 4309),
(186, 3913),
(186, 3660),
(186, 3334),
(187, 3773),
(187, 4918),
(187, 3947),
(187, 4735),
(187, 4366),
(187, 4696),
(188, 3621),
(188, 4957),
(188, 3342),
(188, 4846),
(188, 2554),
(188, 4415),
(189, 4187),
(189, 3568),
(189, 4902),
(189, 3902),
(190, 3115),
(190, 2633),
(190, 2534),
(191, 3861),
(191, 3010),
(191, 3410),
(192, 3372),
(192, 5384),
(192, 4670),
(192, 4862),
(192, 2606),
(192, 4744),
(193, 3663),
(193, 3019),
(193, 3710),
(193, 4166),
(193, 4577),
(193, 3956),
(194, 3813),
(194, 4343),
(194, 4522),
(194, 4129),
(194, 2874),
(195, 4114),
(195, 5483),
(195, 4163),
(195, 4984),
(195, 2578),
(196, 4818),
(196, 2821),
(196, 2889),
(196, 3185),
(196, 3857),
(197, 3315),
(197, 3976),
(197, 3809),
(197, 3610),
(197, 4934),
(198, 4936),
(198, 5414),
(198, 3965),
(198, 2822),
(198, 4009),
(198, 3973),
(199, 3148),
(199, 5222),
(199, 5081),
(199, 3559),
(200, 3782),
(200, 2714),
(200, 4495),
(200, 3859),
(200, 3528),
(201, 4796),
(201, 3468),
(201, 3898),
(201, 4867),
(202, 4218),
(202, 2510),
(202, 3802),
(202, 5222),
(202, 4647),
(202, 3476),
(203, 3858),
(203, 3404),
(203, 5392),
(203, 5161),
(203, 3670);